% Input
G = [2, -1, 0; -1 3 -1; 0 -1 2];
I = [1, 0, 0]';

% Expected
V = [0.625; 0.25; 0.125];
